0 1 -1 1 
1 0 47 0 
2 1 -1 1 
3 1 -1 0 
4 1 -1 1 
5 0 99 0 
6 0 27 1 
7 1 -1 0 
8 1 -1 0 
9 0 10 1 
10 1 -1 0 
11 1 -1 1 
12 1 -1 0 
13 0 32 1 
14 0 16 0 
15 1 -1 1 
16 0 80 0 
17 0 2 1 
18 1 -1 0 
19 1 -1 1 
20 0 69 0 
21 0 22 1 
22 0 24 0 
23 0 61 1 
24 1 -1 0 
25 1 -1 1 
26 1 -1 0 
27 0 53 1 
28 1 -1 0 
29 1 -1 0 
30 0 25 1 
31 0 4 1 
32 0 5 0 
33 1 -1 0 
34 0 48 1 
35 1 -1 0 
36 0 16 1 
37 0 8 0 
38 0 77 1 
39 1 -1 0 
40 1 -1 1 
41 1 -1 0 
42 1 -1 1 
43 1 -1 0 
44 0 55 1 
45 0 84 0 
46 0 93 1 
47 0 51 0 
48 0 32 1 
49 0 41 0 
50 0 99 1 
51 1 -1 0 
52 0 30 1 
53 1 -1 0 
54 0 73 1 
55 0 85 0 
56 1 -1 1 
57 1 -1 0 
58 1 -1 1 
59 1 -1 0 
60 0 1 1 
61 0 72 0 
62 0 30 1 
63 0 70 0 
64 1 -1 1 
65 1 -1 1 
66 0 18 0 
67 1 -1 1 
68 0 46 0 
69 1 -1 1 
70 1 -1 1 
71 0 71 0 
72 1 -1 0 
73 0 2 1 
74 1 -1 0 
75 0 47 1 
76 1 -1 0 
77 1 -1 1 
78 1 -1 1 
79 0 59 0 
80 1 -1 0 
81 0 63 1 
82 1 -1 1 
83 0 22 0 
84 0 73 1 
85 0 61 0 
86 1 -1 0 
87 0 30 1 
88 1 -1 1 
89 0 70 0 
90 0 62 1 
91 0 71 0 
92 0 60 1 
93 1 -1 0 
94 1 -1 1 
95 0 8 0 
96 0 43 1 
97 1 -1 0 
98 1 -1 1 
99 1 -1 0 
100 0 73 1 
101 0 65 0 
102 1 -1 1 
103 1 -1 1 
104 0 42 0 
105 0 85 1 
106 0 38 0 
107 1 -1 0 
108 0 29 1 
109 1 -1 1 
110 0 35 0 
111 1 -1 1 
112 1 -1 0 
113 1 -1 1 
114 1 -1 1 
115 0 73 0 
116 1 -1 0 
117 0 94 1 
118 1 -1 0 
119 1 -1 1 
120 0 31 0 
121 0 18 1 
122 0 89 0 
123 0 83 1 
124 0 86 0 
125 0 68 1 
126 0 44 0 
127 0 96 1 
128 0 1 0 
129 0 2 1 
130 1 -1 1 
131 0 36 0 
132 1 -1 1 
133 0 28 0 
134 0 77 1 
135 0 5 0 
136 0 9 1 
137 1 -1 0 
138 1 -1 1 
139 0 74 0 
140 0 24 1 
141 0 97 0 
142 0 62 1 
143 1 -1 1 
144 0 8 0 
145 1 -1 0 
146 0 52 1 
147 1 -1 1 
148 0 81 0 
149 1 -1 0 
150 0 37 1 
151 1 -1 1 
152 1 -1 0 
153 0 7 1 
154 0 33 0 
155 0 80 1 
156 0 32 0 
157 0 34 1 
158 0 40 0 
159 1 -1 1 
160 1 -1 0 
161 1 -1 1 
162 1 -1 1 
163 0 67 0 
164 1 -1 0 
165 0 6 1 
166 1 -1 0 
167 1 -1 1 
168 1 -1 1 
169 0 77 0 
170 1 -1 1 
171 0 21 0 
172 0 78 1 
173 0 88 0 
174 0 69 1 
175 1 -1 0 
176 0 6 1 
177 0 1 0 
178 1 -1 1 
179 0 19 0 
180 0 23 1 
181 1 -1 1 
182 0 20 0 
183 0 28 1 
184 0 16 0 
185 1 -1 0 
186 0 50 1 
187 1 -1 0 
188 0 48 1 
189 1 -1 0 
190 0 38 1 
191 0 69 0 
192 1 -1 1 
193 1 -1 0 
194 0 56 1 
195 1 -1 0 
196 0 21 1 
197 1 -1 0 
198 1 -1 1 
199 1 -1 0 
200 0 94 1 
201 0 28 0 
202 1 -1 1 
203 1 -1 0 
204 1 -1 1 
205 1 -1 0 
206 1 -1 1 
207 1 -1 0 
208 1 -1 1 
209 1 -1 1 
210 0 15 0 
211 1 -1 0 
212 0 15 1 
213 0 93 0 
214 0 37 1 
215 0 90 0 
216 0 87 1 
217 1 -1 1 
218 0 75 0 
219 1 -1 1 
220 1 -1 0 
221 1 -1 1 
222 1 -1 0 
223 0 82 1 
224 0 7 0 
225 1 -1 0 
226 0 46 1 
227 0 73 1 
228 0 12 0 
229 1 -1 1 
230 0 63 0 
231 0 54 1 
232 1 -1 0 
233 1 -1 1 
234 1 -1 0 
235 1 -1 1 
236 1 -1 0 
237 0 18 1 
238 1 -1 0 
239 0 48 1 
240 0 32 0 
241 0 8 1 
242 0 61 0 
243 1 -1 1 
244 1 -1 0 
245 1 -1 1 
246 1 -1 0 
247 0 63 1 
248 1 -1 0 
249 0 95 1 
250 0 86 0 
251 1 -1 0 
252 0 67 1 
253 0 38 0 
254 0 55 1 
255 1 -1 0 
256 0 87 1 
257 0 22 0 
258 0 84 1 
259 1 -1 0 
260 1 -1 1 
261 0 19 0 
262 0 45 1 
263 1 -1 0 
264 1 -1 1 
265 1 -1 0 
266 0 43 1 
267 0 54 0 
268 0 94 1 
269 1 -1 0 
270 1 -1 1 
271 0 21 0 
272 0 39 1 
273 1 -1 1 
274 0 51 0 
275 0 30 1 
276 0 8 0 
277 1 -1 1 
278 1 -1 0 
279 1 -1 1 
280 0 13 0 
281 0 44 1 
282 1 -1 0 
283 0 27 1 
284 0 21 0 
285 0 10 1 
286 0 24 0 
287 1 -1 1 
288 0 20 0 
289 0 86 1 
290 1 -1 0 
291 0 53 1 
292 0 77 0 
293 1 -1 1 
294 1 -1 1 
295 0 34 0 
296 0 49 1 
297 0 25 0 
298 1 -1 1 
299 1 -1 0 
300 1 -1 1 
301 1 -1 0 
302 0 82 1 
303 1 -1 0 
304 1 -1 0 
305 0 7 1 
306 1 -1 0 
307 1 -1 1 
308 1 -1 0 
309 1 -1 1 
310 1 -1 0 
311 0 9 1 
312 1 -1 0 
313 0 85 1 
314 0 17 0 
315 1 -1 0 
316 0 55 1 
317 1 -1 1 
318 0 4 0 
319 0 75 1 
320 0 85 0 
321 0 74 1 
322 0 26 0 
323 0 48 1 
324 0 55 0 
325 0 49 1 
326 0 63 0 
327 1 -1 1 
328 0 96 0 
329 0 60 1 
330 1 -1 0 
331 1 -1 1 
332 1 -1 1 
333 0 27 0 
334 1 -1 0 
335 0 42 1 
336 1 -1 1 
337 0 43 0 
338 1 -1 1 
339 1 -1 1 
340 0 73 0 
341 1 -1 1 
342 1 -1 0 
343 0 73 1 
344 0 5 0 
345 1 -1 1 
346 1 -1 0 
347 1 -1 0 
348 0 84 1 
349 0 28 0 
350 0 16 1 
351 1 -1 0 
352 0 51 1 
353 1 -1 0 
354 1 -1 1 
355 0 55 0 
356 1 -1 1 
357 1 -1 1 
358 0 49 0 
359 1 -1 1 
360 1 -1 0 
361 1 -1 1 
362 1 -1 1 
363 0 67 0 
364 1 -1 1 
365 1 -1 0 
366 0 88 1 
367 0 66 0 
368 1 -1 0 
369 0 69 1 
370 1 -1 1 
371 0 9 0 
372 1 -1 1 
373 0 12 0 
374 1 -1 1 
375 1 -1 0 
376 0 82 1 
377 0 81 0 
378 0 70 1 
379 1 -1 0 
380 1 -1 1 
381 1 -1 0 
382 1 -1 1 
383 1 -1 1 
384 0 76 0 
385 1 -1 1 
386 1 -1 0 
387 1 -1 1 
388 0 49 0 
389 1 -1 1 
390 1 -1 1 
391 0 61 0 
392 0 21 1 
393 1 -1 0 
394 1 -1 1 
395 1 -1 0 
396 0 19 1 
397 0 47 0 
398 0 90 1 
399 0 94 0 
400 1 -1 1 
401 1 -1 0 
402 0 40 1 
403 1 -1 0 
404 1 -1 1 
405 1 -1 0 
406 1 -1 1 
407 0 75 0 
408 1 -1 1 
409 0 0 0 
410 0 18 1 
411 1 -1 0 
412 0 90 1 
413 1 -1 0 
414 1 -1 1 
415 0 45 0 
416 1 -1 1 
417 0 2 0 
418 0 98 1 
419 1 -1 0 
420 0 84 1 
421 1 -1 0 
422 0 87 1 
423 0 90 0 
424 1 -1 1 
425 1 -1 0 
426 1 -1 1 
427 1 -1 0 
428 1 -1 1 
429 1 -1 0 
430 1 -1 1 
431 0 87 0 
432 0 47 1 
433 1 -1 0 
434 1 -1 1 
435 1 -1 0 
436 0 36 1 
437 1 -1 0 
438 1 -1 1 
439 1 -1 0 
440 0 79 1 
441 0 28 0 
442 1 -1 1 
443 1 -1 0 
444 1 -1 1 
445 1 -1 0 
446 0 62 1 
447 1 -1 0 
448 1 -1 1 
449 1 -1 0 
450 0 34 1 
451 1 -1 0 
452 1 -1 1 
453 1 -1 0 
454 1 -1 1 
455 0 84 0 
456 1 -1 1 
457 1 -1 1 
458 0 27 0 
459 1 -1 1 
460 0 4 0 
461 0 21 1 
462 1 -1 0 
463 1 -1 1 
464 1 -1 0 
465 1 -1 1 
466 1 -1 1 
467 0 37 0 
468 1 -1 1 
469 1 -1 1 
470 0 80 0 
471 0 95 1 
472 1 -1 0 
473 1 -1 1 
474 1 -1 0 
475 1 -1 1 
476 0 27 0 
477 0 4 1 
478 1 -1 0 
479 0 61 1 
480 0 34 0 
481 0 79 1 
482 0 86 0 
483 0 31 1 
484 1 -1 0 
485 1 -1 1 
486 0 89 0 
487 1 -1 1 
488 0 44 0 
489 0 16 1 
490 1 -1 0 
491 0 13 1 
492 0 66 0 
493 1 -1 1 
494 1 -1 0 
495 0 83 1 
496 1 -1 0 
497 0 21 1 
498 0 57 0 
499 1 -1 1 
500 1 -1 0 
501 1 -1 1 
502 1 -1 0 
503 1 -1 1 
504 0 87 0 
505 0 74 1 
506 0 77 0 
507 0 85 1 
508 1 -1 0 
509 0 37 1 
510 0 66 0 
511 0 24 1 
512 0 8 0 
513 0 84 1 
514 1 -1 0 
515 1 -1 1 
516 0 39 0 
517 0 9 1 
518 0 72 0 
519 0 77 1 
520 1 -1 0 
521 1 -1 1 
522 1 -1 0 
523 0 84 1 
524 1 -1 0 
525 0 90 1 
526 0 87 0 
527 0 38 1 
528 1 -1 0 
529 1 -1 0 
530 0 50 1 
531 1 -1 0 
532 0 52 1 
533 1 -1 0 
534 0 1 1 
535 1 -1 0 
536 1 -1 1 
537 1 -1 0 
538 1 -1 0 
539 0 65 1 
540 1 -1 0 
541 1 -1 1 
542 1 -1 0 
543 0 41 1 
544 0 66 0 
545 0 83 1 
546 0 5 0 
547 0 75 1 
548 0 37 0 
549 0 77 1 
550 1 -1 0 
551 0 67 1 
552 1 -1 0 
553 1 -1 1 
554 1 -1 0 
555 0 69 1 
556 0 60 0 
557 1 -1 1 
558 1 -1 0 
559 1 -1 1 
560 1 -1 0 
561 0 85 1 
562 0 5 0 
563 0 64 1 
564 0 45 0 
565 0 19 1 
566 1 -1 0 
567 1 -1 1 
568 0 47 0 
569 0 0 1 
570 1 -1 0 
571 0 84 1 
572 1 -1 0 
573 1 -1 0 
574 0 34 1 
575 1 -1 0 
576 0 81 1 
577 1 -1 0 
578 1 -1 0 
579 0 99 1 
580 0 74 1 
581 0 4 0 
582 1 -1 1 
583 0 8 0 
584 1 -1 1 
585 1 -1 0 
586 1 -1 1 
587 1 -1 0 
588 0 64 1 
589 1 -1 0 
590 0 72 1 
591 0 60 0 
592 0 48 1 
593 0 37 0 
594 0 81 1 
595 0 3 0 
596 0 88 1 
597 0 57 0 
598 0 12 1 
599 1 -1 0 
600 1 -1 0 
601 0 49 1 
602 1 -1 1 
603 0 7 0 
604 1 -1 1 
605 0 69 0 
606 0 66 1 
607 1 -1 0 
608 1 -1 1 
609 1 -1 0 
610 1 -1 1 
611 1 -1 0 
612 1 -1 1 
613 1 -1 0 
614 1 -1 1 
615 1 -1 0 
616 1 -1 1 
617 1 -1 0 
618 1 -1 1 
619 0 6 0 
620 0 14 1 
621 1 -1 0 
622 0 40 1 
623 0 45 0 
624 0 80 1 
625 1 -1 0 
626 0 85 1 
627 0 96 0 
628 1 -1 1 
629 0 91 0 
630 0 0 1 
631 0 62 0 
632 0 61 1 
633 1 -1 0 
634 1 -1 1 
635 0 78 0 
636 0 30 1 
637 1 -1 0 
638 0 54 1 
639 0 62 0 
640 1 -1 1 
641 1 -1 1 
642 0 23 0 
643 1 -1 0 
644 0 58 1 
645 1 -1 1 
646 1 -1 0 
647 1 -1 1 
648 0 89 0 
649 0 34 1 
650 0 96 0 
651 1 -1 1 
652 1 -1 1 
653 1 -1 0 
654 1 -1 0 
655 0 15 1 
656 0 64 0 
657 0 48 1 
658 0 86 0 
659 0 96 1 
660 1 -1 0 
661 0 27 1 
662 0 7 0 
663 1 -1 1 
664 1 -1 0 
665 0 36 1 
666 1 -1 0 
667 1 -1 1 
668 1 -1 0 
669 0 53 1 
670 1 -1 0 
671 1 -1 1 
672 0 86 0 
673 1 -1 1 
674 1 -1 0 
675 1 -1 1 
676 1 -1 1 
677 0 91 0 
678 0 63 1 
679 0 12 0 
680 1 -1 0 
681 0 71 1 
682 1 -1 1 
683 0 73 0 
684 0 37 1 
685 0 27 0 
686 1 -1 1 
687 1 -1 0 
688 0 32 1 
689 1 -1 0 
690 0 3 1 
691 0 92 0 
692 1 -1 0 
693 0 85 1 
694 1 -1 0 
695 0 7 1 
696 0 71 0 
697 0 13 1 
698 1 -1 1 
699 0 26 0 
700 1 -1 0 
701 0 77 1 
702 0 58 0 
703 0 88 1 
704 1 -1 0 
705 1 -1 1 
706 1 -1 0 
707 0 62 1 
708 0 31 0 
709 0 70 1 
710 0 77 0 
711 1 -1 1 
712 1 -1 0 
713 0 80 1 
714 1 -1 0 
715 0 24 1 
716 0 81 0 
717 1 -1 1 
718 1 -1 0 
719 1 -1 1 
720 1 -1 0 
721 1 -1 1 
722 0 0 0 
723 0 97 1 
724 1 -1 1 
725 0 14 0 
726 0 96 1 
727 0 12 0 
728 0 3 1 
729 1 -1 0 
730 1 -1 1 
731 0 10 0 
732 1 -1 1 
733 1 -1 0 
734 1 -1 1 
735 0 3 0 
736 0 12 1 
737 1 -1 0 
738 1 -1 1 
739 1 -1 0 
740 1 -1 1 
741 1 -1 1 
742 0 13 0 
743 1 -1 0 
744 0 45 1 
745 1 -1 1 
746 1 -1 0 
747 1 -1 0 
748 0 41 1 
749 0 36 1 
750 0 81 0 
751 1 -1 1 
752 1 -1 0 
753 1 -1 1 
754 1 -1 1 
755 1 -1 0 
756 1 -1 1 
757 1 -1 0 
758 1 -1 1 
759 1 -1 0 
760 1 -1 1 
761 0 7 0 
762 0 15 1 
763 1 -1 0 
764 0 49 1 
765 1 -1 0 
766 1 -1 1 
767 1 -1 0 
768 0 36 1 
769 0 89 0 
770 1 -1 1 
771 1 -1 0 
772 1 -1 1 
773 1 -1 1 
774 0 83 0 
775 1 -1 1 
776 1 -1 1 
777 1 -1 0 
778 0 62 0 
779 0 44 1 
780 1 -1 1 
781 0 33 0 
782 0 99 1 
783 0 72 0 
784 1 -1 0 
785 0 68 1 
786 1 -1 1 
787 0 40 0 
788 0 68 1 
789 0 30 0 
790 0 61 1 
791 0 35 0 
792 1 -1 1 
793 1 -1 0 
794 0 75 1 
795 0 75 0 
796 1 -1 1 
797 1 -1 0 
798 0 20 1 
799 0 1 0 
800 1 -1 0 
801 0 39 1 
802 0 3 0 
803 1 -1 0 
804 0 90 1 
805 1 -1 1 
806 1 -1 0 
807 0 34 1 
808 1 -1 0 
809 1 -1 1 
810 0 68 0 
811 0 70 1 
812 0 10 0 
813 0 32 1 
814 0 46 0 
815 1 -1 1 
816 1 -1 0 
817 1 -1 1 
818 1 -1 1 
819 0 7 0 
820 1 -1 1 
821 0 6 0 
822 0 11 1 
823 1 -1 0 
824 0 3 1 
825 1 -1 0 
826 1 -1 1 
827 0 78 0 
828 0 47 1 
829 1 -1 0 
830 1 -1 1 
831 0 85 0 
832 1 -1 1 
833 1 -1 0 
834 0 78 1 
835 0 12 0 
836 0 7 1 
837 1 -1 1 
838 0 40 0 
839 0 69 1 
840 0 26 0 
841 1 -1 1 
842 1 -1 0 
843 1 -1 1 
844 1 -1 1 
845 0 69 0 
846 1 -1 1 
847 1 -1 0 
848 1 -1 1 
849 1 -1 0 
850 0 99 1 
851 1 -1 0 
852 0 24 1 
853 0 16 0 
854 1 -1 0 
855 0 9 1 
856 1 -1 0 
857 0 27 1 
858 0 6 0 
859 1 -1 1 
860 1 -1 0 
861 1 -1 1 
862 1 -1 1 
863 0 55 0 
864 1 -1 0 
865 0 20 1 
866 1 -1 0 
867 1 -1 1 
868 1 -1 0 
869 1 -1 1 
870 1 -1 1 
871 0 92 0 
872 1 -1 1 
873 1 -1 1 
874 0 0 0 
875 1 -1 1 
876 1 -1 0 
877 1 -1 1 
878 0 43 0 
879 0 33 1 
880 1 -1 0 
881 0 0 1 
882 1 -1 0 
883 1 -1 0 
884 0 51 1 
885 0 65 0 
886 0 74 1 
887 1 -1 0 
888 0 27 1 
889 0 72 0 
890 1 -1 1 
891 0 14 0 
892 0 90 1 
893 1 -1 0 
894 0 53 1 
895 1 -1 0 
896 0 7 1 
897 0 98 0 
898 0 74 1 
899 0 57 0 
900 1 -1 1 
901 1 -1 0 
902 1 -1 1 
903 1 -1 0 
904 0 13 1 
905 0 24 0 
906 1 -1 1 
907 0 9 0 
908 0 1 1 
909 1 -1 1 
910 0 66 0 
911 1 -1 1 
912 1 -1 0 
913 1 -1 1 
914 1 -1 0 
915 1 -1 0 
916 0 61 1 
917 0 33 1 
918 0 69 0 
919 1 -1 1 
920 1 -1 0 
921 1 -1 1 
922 1 -1 0 
923 0 71 1 
924 0 84 0 
925 1 -1 1 
926 1 -1 0 
927 0 41 1 
928 0 69 0 
929 0 72 1 
930 0 20 0 
931 0 13 1 
932 0 34 0 
933 1 -1 1 
934 1 -1 0 
935 0 20 1 
936 1 -1 1 
937 0 91 0 
938 0 70 1 
939 0 37 0 
940 0 92 1 
941 0 47 0 
942 1 -1 1 
943 1 -1 0 
944 0 66 1 
945 0 86 0 
946 0 51 1 
947 1 -1 0 
948 1 -1 0 
949 0 16 1 
950 1 -1 0 
951 0 78 1 
952 0 0 0 
953 0 96 1 
954 1 -1 0 
955 1 -1 1 
956 0 30 0 
957 0 49 1 
958 1 -1 0 
959 0 38 1 
960 0 85 0 
961 1 -1 1 
962 1 -1 1 
963 0 11 0 
964 1 -1 1 
965 1 -1 0 
966 1 -1 1 
967 1 -1 0 
968 0 27 1 
969 0 34 0 
970 0 13 1 
971 0 35 0 
972 0 6 1 
973 1 -1 0 
974 0 8 1 
975 0 16 0 
976 1 -1 0 
977 0 98 1 
978 1 -1 0 
979 0 25 1 
980 0 29 0 
981 0 24 0 
982 1 -1 0 
983 0 85 0 
984 1 -1 0 
985 0 14 0 
986 0 43 0 
987 1 -1 0 
988 1 -1 0 
989 1 -1 0 
990 0 79 0 
991 1 -1 0 
992 0 33 0 
993 0 61 0 
994 0 39 0 
995 0 62 0 
996 1 -1 0 
997 0 92 0 
998 1 -1 0 
999 0 55 0 
