0 1 7 1 
1 0 87 0 
2 0 69 0 
3 0 31 1 
4 1 36 0 
5 0 57 1 
6 0 65 0 
7 1 80 1 
8 0 56 0 
9 0 96 1 
10 0 55 0 
11 1 16 1 
12 0 41 1 
13 0 2 0 
14 1 69 1 
15 0 91 0 
16 0 8 1 
17 1 75 0 
18 1 97 1 
19 0 85 0 
20 0 97 1 
21 0 76 0 
22 0 69 1 
23 0 79 0 
24 0 26 1 
25 0 52 0 
26 0 53 1 
27 1 17 0 
28 0 13 0 
29 0 89 1 
30 1 50 0 
31 1 47 1 
32 1 84 0 
33 1 39 1 
34 0 21 0 
35 1 95 1 
36 1 24 0 
37 1 22 1 
38 1 7 0 
39 0 5 1 
40 1 19 0 
41 0 13 1 
42 1 64 0 
43 0 7 1 
44 1 99 0 
45 1 71 1 
46 0 6 0 
47 1 54 1 
48 1 20 0 
49 1 88 1 
50 0 18 0 
51 1 64 1 
52 0 99 0 
53 1 72 1 
54 0 5 1 
55 0 70 0 
56 0 50 1 
57 1 56 0 
58 1 3 1 
59 0 35 1 
60 0 31 0 
61 0 86 0 
62 1 44 1 
63 1 88 1 
64 1 12 0 
65 1 10 1 
66 0 10 0 
67 1 89 1 
68 1 16 0 
69 1 91 0 
70 1 49 1 
71 0 31 1 
72 1 45 0 
73 1 97 1 
74 1 52 0 
75 0 0 1 
76 0 6 0 
77 1 8 0 
78 0 96 1 
79 0 2 0 
80 0 48 1 
81 0 96 0 
82 0 88 1 
83 0 48 0 
84 1 66 0 
85 1 80 1 
86 0 67 0 
87 1 50 1 
88 0 32 0 
89 1 27 1 
90 1 74 1 
91 1 40 0 
92 1 40 1 
93 0 99 0 
94 0 31 1 
95 0 39 0 
96 0 87 1 
97 0 35 0 
98 0 99 1 
99 0 18 0 
100 0 33 1 
101 1 27 0 
102 0 34 0 
103 0 56 1 
104 1 92 0 
105 1 40 1 
106 1 7 1 
107 1 79 0 
108 1 84 1 
109 0 80 0 
110 0 25 1 
111 0 83 0 
112 1 47 1 
113 1 84 1 
114 0 29 0 
115 0 47 1 
116 0 7 0 
117 0 16 1 
118 0 98 0 
119 0 33 1 
120 1 5 0 
121 1 63 1 
122 0 77 0 
123 0 95 1 
124 0 27 0 
125 0 24 1 
126 0 14 0 
127 1 95 1 
128 1 49 0 
129 0 5 0 
130 1 39 1 
131 1 43 0 
132 0 32 1 
133 1 6 0 
134 1 3 1 
135 1 63 1 
136 0 50 0 
137 0 0 1 
138 0 68 0 
139 1 14 1 
140 0 43 1 
141 1 41 0 
142 1 73 1 
143 1 59 0 
144 1 89 1 
145 1 68 0 
146 1 22 1 
147 0 89 0 
148 1 92 1 
149 1 15 0 
150 1 26 1 
151 1 9 0 
152 0 1 1 
153 0 9 0 
154 1 26 1 
155 1 71 0 
156 0 3 1 
157 0 4 0 
158 1 21 1 
159 1 47 0 
160 0 6 1 
161 0 62 0 
162 1 40 1 
163 1 8 1 
164 0 20 0 
165 0 40 1 
166 0 43 0 
167 1 12 1 
168 1 32 0 
169 1 12 1 
170 1 78 0 
171 0 33 1 
172 0 34 1 
173 0 65 0 
174 0 34 1 
175 1 82 0 
176 1 76 1 
177 0 30 0 
178 0 0 1 
179 1 29 0 
180 0 28 1 
181 0 94 0 
182 1 37 1 
183 1 76 0 
184 0 39 1 
185 0 97 0 
186 0 32 1 
187 1 75 1 
188 1 34 0 
189 1 47 1 
190 0 70 0 
191 0 86 1 
192 1 95 0 
193 1 44 1 
194 1 72 0 
195 0 8 1 
196 1 77 0 
197 0 85 1 
198 1 38 0 
199 0 56 1 
200 1 90 0 
201 1 95 1 
202 1 95 0 
203 0 27 1 
204 1 84 1 
205 1 58 0 
206 0 75 1 
207 1 10 0 
208 0 80 0 
209 0 17 1 
210 1 47 0 
211 0 98 1 
212 1 99 0 
213 0 15 1 
214 0 94 0 
215 0 48 1 
216 0 8 1 
217 0 34 0 
218 1 35 1 
219 1 30 0 
220 1 22 1 
221 0 73 0 
222 0 6 1 
223 1 80 1 
224 0 30 0 
225 1 33 1 
226 0 24 0 
227 1 49 1 
228 1 87 0 
229 1 99 1 
230 1 67 0 
231 0 12 1 
232 1 81 0 
233 0 51 1 
234 0 72 0 
235 0 22 1 
236 1 85 0 
237 0 97 1 
238 1 17 0 
239 0 48 1 
240 0 45 0 
241 0 45 1 
242 1 13 0 
243 0 70 1 
244 1 65 0 
245 0 73 1 
246 0 10 0 
247 1 1 1 
248 1 53 0 
249 1 44 1 
250 0 61 0 
251 1 16 1 
252 0 28 1 
253 0 74 0 
254 0 86 1 
255 0 77 0 
256 0 89 1 
257 1 48 1 
258 1 82 0 
259 1 60 1 
260 0 23 0 
261 0 82 1 
262 1 96 0 
263 1 99 1 
264 0 40 0 
265 0 50 0 
266 1 93 1 
267 0 49 0 
268 0 75 1 
269 1 5 0 
270 0 63 1 
271 1 71 0 
272 0 28 1 
273 1 8 0 
274 0 43 1 
275 0 75 0 
276 0 8 1 
277 0 17 0 
278 0 36 1 
279 0 73 0 
280 0 19 1 
281 1 57 0 
282 0 45 1 
283 0 13 0 
284 0 15 1 
285 1 11 1 
286 0 7 0 
287 1 12 1 
288 1 35 0 
289 0 79 1 
290 1 7 0 
291 1 44 0 
292 1 57 1 
293 0 73 0 
294 1 40 1 
295 1 50 0 
296 0 33 1 
297 0 93 0 
298 1 52 1 
299 0 45 0 
300 1 57 1 
301 1 80 0 
302 1 87 1 
303 0 53 0 
304 1 99 1 
305 0 89 0 
306 0 37 1 
307 1 40 0 
308 1 31 1 
309 1 76 0 
310 1 14 1 
311 0 42 1 
312 0 21 0 
313 0 64 1 
314 1 20 0 
315 0 86 0 
316 1 52 1 
317 1 88 0 
318 0 36 1 
319 0 24 1 
320 1 11 0 
321 1 9 1 
322 1 89 0 
323 1 0 1 
324 0 2 1 
325 1 47 0 
326 0 11 1 
327 0 92 0 
328 1 16 1 
329 1 18 1 
330 0 68 0 
331 0 57 1 
332 1 46 0 
333 1 98 1 
334 1 5 0 
335 0 80 0 
336 0 12 1 
337 1 59 0 
338 0 39 1 
339 0 21 1 
340 0 68 0 
341 1 63 1 
342 0 34 0 
343 0 66 1 
344 0 11 0 
345 0 45 0 
346 0 27 1 
347 1 23 0 
348 0 95 1 
349 0 49 0 
350 1 85 0 
351 0 47 1 
352 0 43 0 
353 0 55 1 
354 1 76 0 
355 0 98 1 
356 1 45 0 
357 1 80 1 
358 1 80 0 
359 0 12 1 
360 1 68 0 
361 0 73 1 
362 1 24 0 
363 0 36 1 
364 0 11 0 
365 0 15 1 
366 1 47 0 
367 1 13 1 
368 0 68 0 
369 0 65 1 
370 1 83 0 
371 1 32 1 
372 0 78 1 
373 0 4 0 
374 1 46 0 
375 1 86 1 
376 0 97 0 
377 1 62 1 
378 0 42 0 
379 0 48 0 
380 1 80 1 
381 1 43 0 
382 1 58 1 
383 0 70 0 
384 0 85 1 
385 0 79 0 
386 1 56 1 
387 0 64 0 
388 1 63 1 
389 0 97 0 
390 1 78 1 
391 1 26 0 
392 1 89 1 
393 1 1 0 
394 1 48 0 
395 0 38 1 
396 0 16 0 
397 1 33 1 
398 0 97 0 
399 0 95 1 
400 1 24 0 
401 0 61 1 
402 1 29 0 
403 0 80 1 
404 0 95 0 
405 0 47 0 
406 1 86 1 
407 1 9 0 
408 0 70 1 
409 1 68 0 
410 0 13 1 
411 1 85 0 
412 1 17 1 
413 0 78 1 
414 0 90 0 
415 0 99 1 
416 1 63 0 
417 1 21 0 
418 0 40 1 
419 1 80 0 
420 0 1 1 
421 0 95 0 
422 1 18 1 
423 0 68 1 
424 1 99 0 
425 1 20 1 
426 1 49 0 
427 0 83 1 
428 0 92 0 
429 1 34 1 
430 0 65 0 
431 0 76 1 
432 1 76 0 
433 1 34 1 
434 1 67 0 
435 1 4 1 
436 1 52 0 
437 0 81 1 
438 1 32 0 
439 1 91 1 
440 1 15 0 
441 1 2 0 
442 1 82 1 
443 1 11 0 
444 0 22 1 
445 1 3 0 
446 1 15 1 
447 1 44 0 
448 1 76 1 
449 1 64 0 
450 1 14 1 
451 1 60 0 
452 1 94 1 
453 1 43 0 
454 0 85 1 
455 1 31 0 
456 0 52 0 
457 1 42 1 
458 0 90 0 
459 1 75 1 
460 1 37 0 
461 0 97 1 
462 0 23 0 
463 0 30 1 
464 1 1 0 
465 1 33 1 
466 0 28 0 
467 0 54 1 
468 0 75 0 
469 1 58 1 
470 0 57 0 
471 0 96 1 
472 1 72 0 
473 1 39 1 
474 0 37 0 
475 1 0 1 
476 0 6 0 
477 1 58 1 
478 0 54 0 
479 0 45 1 
480 1 21 0 
481 0 13 0 
482 1 80 1 
483 1 61 0 
484 1 14 1 
485 0 24 0 
486 0 78 1 
487 1 94 0 
488 0 90 1 
489 1 14 0 
490 1 32 1 
491 1 44 0 
492 1 85 1 
493 1 45 0 
494 0 20 1 
495 0 39 0 
496 0 11 1 
497 0 19 0 
498 1 16 1 
499 1 54 0 
500 1 11 1 
501 0 59 0 
502 0 26 1 
503 1 72 0 
504 0 52 1 
505 1 68 0 
506 0 88 1 
507 0 51 0 
508 0 72 1 
509 1 37 0 
510 1 4 1 
511 0 77 0 
512 0 73 1 
513 0 19 0 
514 1 10 1 
515 0 33 0 
516 1 68 1 
517 1 76 0 
518 0 57 1 
519 1 52 0 
520 1 14 1 
521 0 18 1 
522 1 0 0 
523 0 23 1 
524 0 23 0 
525 1 19 1 
526 0 41 0 
527 0 47 1 
528 1 80 0 
529 0 4 1 
530 1 62 0 
531 0 92 1 
532 1 13 0 
533 0 2 1 
534 0 41 0 
535 1 73 1 
536 0 52 0 
537 0 28 1 
538 1 75 0 
539 1 80 1 
540 0 9 0 
541 1 41 1 
542 1 0 0 
543 1 90 1 
544 0 46 0 
545 0 68 1 
546 1 47 0 
547 0 81 0 
548 0 93 1 
549 1 73 0 
550 1 61 1 
551 0 28 0 
552 1 73 1 
553 1 61 0 
554 1 60 1 
555 0 82 0 
556 1 56 1 
557 0 78 1 
558 0 45 0 
559 0 63 1 
560 1 2 0 
561 0 63 0 
562 0 0 1 
563 0 17 0 
564 1 97 1 
565 1 19 0 
566 0 21 0 
567 1 5 1 
568 0 70 1 
569 1 94 0 
570 0 93 1 
571 0 57 0 
572 1 10 1 
573 0 88 0 
574 0 84 1 
575 0 29 0 
576 1 70 1 
577 1 64 0 
578 0 69 1 
579 0 62 0 
580 1 8 1 
581 0 48 0 
582 0 3 1 
583 1 40 0 
584 0 18 1 
585 0 50 1 
586 0 76 0 
587 0 84 1 
588 0 31 0 
589 1 47 1 
590 0 51 0 
591 1 31 1 
592 1 36 0 
593 1 18 1 
594 0 37 0 
595 1 10 1 
596 0 81 1 
597 1 45 0 
598 1 1 1 
599 1 48 0 
600 0 45 1 
601 1 60 0 
602 0 26 1 
603 0 90 0 
604 0 30 1 
605 1 47 1 
606 0 14 0 
607 1 72 1 
608 1 41 0 
609 1 61 1 
610 1 19 0 
611 1 18 0 
612 1 13 1 
613 1 14 0 
614 1 34 1 
615 1 96 0 
616 0 96 1 
617 1 38 0 
618 0 15 1 
619 0 89 0 
620 1 23 1 
621 1 74 1 
622 1 13 0 
623 1 95 0 
624 1 29 1 
625 0 92 1 
626 1 54 0 
627 0 45 0 
628 1 2 1 
629 1 76 1 
630 1 66 0 
631 1 79 1 
632 1 57 0 
633 1 34 1 
634 1 32 0 
635 0 22 1 
636 0 82 0 
637 0 70 1 
638 0 41 0 
639 1 43 1 
640 1 91 0 
641 0 53 1 
642 0 74 0 
643 1 35 1 
644 1 9 1 
645 0 90 0 
646 0 86 1 
647 1 81 0 
648 0 74 1 
649 0 35 0 
650 0 16 1 
651 0 84 0 
652 0 94 1 
653 0 73 0 
654 0 61 1 
655 0 62 0 
656 0 82 1 
657 0 3 0 
658 0 8 0 
659 0 41 1 
660 1 53 0 
661 0 68 1 
662 1 4 0 
663 1 22 1 
664 1 50 0 
665 1 52 1 
666 1 56 0 
667 1 81 1 
668 1 46 0 
669 0 83 1 
670 0 61 0 
671 0 25 1 
672 1 5 0 
673 0 18 1 
674 0 8 0 
675 0 15 0 
676 0 48 1 
677 0 26 0 
678 0 35 1 
679 1 23 0 
680 0 21 0 
681 1 24 1 
682 1 22 0 
683 1 44 1 
684 0 42 0 
685 1 46 1 
686 0 21 0 
687 1 81 1 
688 0 62 0 
689 1 29 1 
690 0 96 0 
691 0 73 1 
692 1 50 0 
693 1 81 1 
694 1 79 0 
695 0 56 1 
696 0 98 0 
697 0 40 1 
698 0 66 0 
699 0 75 1 
700 1 27 0 
701 0 59 1 
702 0 36 0 
703 0 9 1 
704 1 3 0 
705 1 34 1 
706 1 81 0 
707 0 6 1 
708 1 73 1 
709 1 70 0 
710 0 48 1 
711 0 69 0 
712 1 90 1 
713 0 36 0 
714 1 23 0 
715 1 45 1 
716 0 54 0 
717 1 56 1 
718 1 30 0 
719 0 32 1 
720 0 80 0 
721 0 83 1 
722 0 46 0 
723 1 40 1 
724 1 31 1 
725 1 4 0 
726 0 19 0 
727 1 18 1 
728 1 0 1 
729 0 48 0 
730 0 83 1 
731 1 67 0 
732 1 47 1 
733 0 58 0 
734 1 61 1 
735 0 92 0 
736 0 22 1 
737 1 17 0 
738 1 17 1 
739 0 0 0 
740 0 81 1 
741 0 72 0 
742 1 79 1 
743 0 1 0 
744 1 41 1 
745 0 23 0 
746 0 46 1 
747 1 1 0 
748 1 87 1 
749 1 62 0 
750 1 82 1 
751 1 2 0 
752 1 78 0 
753 1 10 1 
754 0 58 1 
755 0 4 0 
756 0 47 1 
757 1 47 0 
758 1 11 0 
759 0 8 1 
760 0 84 0 
761 0 46 1 
762 1 49 1 
763 0 52 0 
764 1 17 1 
765 0 87 0 
766 0 59 1 
767 0 69 1 
768 1 25 0 
769 0 89 1 
770 1 16 0 
771 0 41 0 
772 1 57 1 
773 1 77 1 
774 0 1 0 
775 1 67 0 
776 1 59 1 
777 1 28 0 
778 1 66 1 
779 0 5 0 
780 0 82 1 
781 0 9 0 
782 1 5 0 
783 0 1 1 
784 1 48 0 
785 1 50 1 
786 0 80 0 
787 0 10 1 
788 1 79 0 
789 1 12 1 
790 1 99 1 
791 1 19 0 
792 1 61 0 
793 1 65 1 
794 1 69 0 
795 0 44 1 
796 0 73 0 
797 0 75 1 
798 0 47 0 
799 1 87 1 
800 1 30 0 
801 1 91 1 
802 1 55 0 
803 0 48 1 
804 0 69 0 
805 1 0 1 
806 1 70 0 
807 1 14 1 
808 0 21 0 
809 0 21 1 
810 1 12 0 
811 0 45 1 
812 0 28 0 
813 1 78 1 
814 0 91 0 
815 0 91 1 
816 1 22 0 
817 0 15 1 
818 0 8 0 
819 0 69 1 
820 0 63 0 
821 0 95 1 
822 0 43 0 
823 0 91 1 
824 1 42 0 
825 1 23 0 
826 0 79 1 
827 0 57 0 
828 1 36 1 
829 1 41 0 
830 0 66 1 
831 0 10 0 
832 1 73 1 
833 1 46 0 
834 1 11 0 
835 0 56 1 
836 1 63 0 
837 1 37 1 
838 0 17 0 
839 1 35 1 
840 0 58 0 
841 1 58 1 
842 1 18 0 
843 0 48 1 
844 0 55 0 
845 0 75 1 
846 0 4 0 
847 0 52 0 
848 1 27 1 
849 1 13 1 
850 1 24 0 
851 1 17 1 
852 1 51 0 
853 0 61 1 
854 1 5 0 
855 1 25 0 
856 1 99 1 
857 0 55 0 
858 1 40 1 
859 1 28 0 
860 1 27 1 
861 1 91 0 
862 1 54 1 
863 0 32 1 
864 0 91 0 
865 1 40 1 
866 1 23 0 
867 0 96 1 
868 1 78 0 
869 1 37 1 
870 0 36 0 
871 0 10 1 
872 0 9 1 
873 1 9 0 
874 1 14 1 
875 1 96 0 
876 0 85 1 
877 1 86 0 
878 0 88 1 
879 0 79 0 
880 1 71 1 
881 1 67 0 
882 1 4 1 
883 0 41 0 
884 1 69 1 
885 0 74 0 
886 1 33 1 
887 0 41 0 
888 1 53 1 
889 0 43 0 
890 0 5 1 
891 1 41 0 
892 1 4 1 
893 0 68 0 
894 0 97 1 
895 0 7 0 
896 1 86 1 
897 0 56 0 
898 1 74 0 
899 0 19 1 
900 1 51 1 
901 1 27 0 
902 0 34 0 
903 1 0 1 
904 1 78 1 
905 1 43 0 
906 1 16 1 
907 0 21 0 
908 0 38 1 
909 0 48 0 
910 1 9 1 
911 0 45 0 
912 1 93 1 
913 1 0 0 
914 1 63 0 
915 0 8 1 
916 0 13 0 
917 0 21 1 
918 1 40 1 
919 0 74 0 
920 1 67 1 
921 0 25 0 
922 1 17 1 
923 1 48 1 
924 0 54 0 
925 1 48 1 
926 1 1 0 
927 0 37 1 
928 1 17 0 
929 1 15 0 
930 0 49 1 
931 1 71 0 
932 1 19 1 
933 0 34 0 
934 1 65 1 
935 1 38 0 
936 0 86 1 
937 1 27 0 
938 1 38 0 
939 1 79 1 
940 1 28 0 
941 0 87 0 
942 1 94 1 
943 0 66 0 
944 0 83 1 
945 1 65 0 
946 1 2 1 
947 1 89 1 
948 0 44 0 
949 0 68 0 
950 1 90 1 
951 0 88 0 
952 1 92 1 
953 0 8 0 
954 0 46 0 
955 1 22 1 
956 1 47 1 
957 0 92 0 
958 0 66 1 
959 0 52 0 
960 0 18 1 
961 1 63 0 
962 1 25 1 
963 1 30 0 
964 1 34 1 
965 1 22 0 
966 0 25 1 
967 1 65 0 
968 0 42 1 
969 1 6 0 
970 1 96 0 
971 0 53 1 
972 1 13 0 
973 0 29 1 
974 0 98 0 
975 0 69 1 
976 0 72 0 
977 0 90 1 
978 0 23 0 
979 0 31 1 
980 0 79 0 
981 1 11 1 
982 1 15 0 
983 0 99 1 
984 1 68 0 
985 0 43 1 
986 0 81 0 
987 0 18 1 
988 0 38 0 
989 0 83 1 
990 0 69 0 
991 1 4 1 
992 1 34 0 
993 0 94 1 
994 0 40 0 
995 1 0 1 
996 0 33 0 
997 1 26 1 
998 0 70 0 
999 0 94 0 
