1 7
0 87
0 69
0 31
1 36
0 57
0 65
1 80
0 56
0 96
0 55
1 16
0 41
0 2
1 69
0 91
0 8
1 75
1 97
0 85
0 97
0 76
0 69
0 79
0 26
0 52
0 53
1 17
0 13
0 89
1 50
1 47
1 84
1 39
0 21
1 95
1 24
1 22
1 7
0 5
1 19
0 13
1 64
0 7
1 99
1 71
0 6
1 54
1 20
1 88
0 18
1 64
0 99
1 72
0 5
0 70
0 50
1 56
1 3
0 35
0 31
0 86
1 44
1 88
1 12
1 10
0 10
1 89
1 16
1 91
1 49
0 31
1 45
1 97
1 52
0 0
0 6
1 8
0 96
0 2
0 48
0 96
0 88
0 48
1 66
1 80
0 67
1 50
0 32
1 27
1 74
1 40
1 40
0 99
0 31
0 39
0 87
0 35
0 99
0 18
0 33
1 27
0 34
0 56
1 92
1 40
1 7
1 79
1 84
0 80
0 25
0 83
1 47
1 84
0 29
0 47
0 7
0 16
0 98
0 33
1 5
1 63
0 77
0 95
0 27
0 24
0 14
1 95
1 49
0 5
1 39
1 43
0 32
1 6
1 3
1 63
0 50
0 0
0 68
1 14
0 43
1 41
1 73
1 59
1 89
1 68
1 22
0 89
1 92
1 15
1 26
1 9
0 1
0 9
1 26
1 71
0 3
0 4
1 21
1 47
0 6
0 62
1 40
1 8
0 20
0 40
0 43
1 12
1 32
1 12
1 78
0 33
0 34
0 65
0 34
1 82
1 76
0 30
0 0
1 29
0 28
0 94
1 37
1 76
0 39
0 97
0 32
1 75
1 34
1 47
0 70
0 86
1 95
1 44
1 72
0 8
1 77
0 85
1 38
0 56
1 90
1 95
1 95
0 27
1 84
1 58
0 75
1 10
0 80
0 17
1 47
0 98
1 99
0 15
0 94
0 48
0 8
0 34
1 35
1 30
1 22
0 73
0 6
1 80
0 30
1 33
0 24
1 49
1 87
1 99
1 67
0 12
1 81
0 51
0 72
0 22
1 85
0 97
1 17
0 48
0 45
0 45
1 13
0 70
1 65
0 73
0 10
1 1
1 53
1 44
0 61
1 16
0 28
0 74
0 86
0 77
0 89
1 48
1 82
1 60
0 23
0 82
1 96
1 99
0 40
0 50
1 93
0 49
0 75
1 5
0 63
1 71
0 28
1 8
0 43
0 75
0 8
0 17
0 36
0 73
0 19
1 57
0 45
0 13
0 15
1 11
0 7
1 12
1 35
0 79
1 7
1 44
1 57
0 73
1 40
1 50
0 33
0 93
1 52
0 45
1 57
1 80
1 87
0 53
1 99
0 89
0 37
1 40
1 31
1 76
1 14
0 42
0 21
0 64
1 20
0 86
1 52
1 88
0 36
0 24
1 11
1 9
1 89
1 0
0 2
1 47
0 11
0 92
1 16
1 18
0 68
0 57
1 46
1 98
1 5
0 80
0 12
1 59
0 39
0 21
0 68
1 63
0 34
0 66
0 11
0 45
0 27
1 23
0 95
0 49
1 85
0 47
0 43
0 55
1 76
0 98
1 45
1 80
1 80
0 12
1 68
0 73
1 24
0 36
0 11
0 15
1 47
1 13
0 68
0 65
1 83
1 32
0 78
0 4
1 46
1 86
0 97
1 62
0 42
0 48
1 80
1 43
1 58
0 70
0 85
0 79
1 56
0 64
1 63
0 97
1 78
1 26
1 89
1 1
1 48
0 38
0 16
1 33
0 97
0 95
1 24
0 61
1 29
0 80
0 95
0 47
1 86
1 9
0 70
1 68
0 13
1 85
1 17
0 78
0 90
0 99
1 63
1 21
0 40
1 80
0 1
0 95
1 18
0 68
1 99
1 20
1 49
0 83
0 92
1 34
0 65
0 76
1 76
1 34
1 67
1 4
1 52
0 81
1 32
1 91
1 15
1 2
1 82
1 11
0 22
1 3
1 15
1 44
1 76
1 64
1 14
1 60
1 94
1 43
0 85
1 31
0 52
1 42
0 90
1 75
1 37
0 97
0 23
0 30
1 1
1 33
0 28
0 54
0 75
1 58
0 57
0 96
1 72
1 39
0 37
1 0
0 6
1 58
0 54
0 45
1 21
0 13
1 80
1 61
1 14
0 24
0 78
1 94
0 90
1 14
1 32
1 44
1 85
1 45
0 20
0 39
0 11
0 19
1 16
1 54
1 11
0 59
0 26
1 72
0 52
1 68
0 88
0 51
0 72
1 37
1 4
0 77
0 73
0 19
1 10
0 33
1 68
1 76
0 57
1 52
1 14
0 18
1 0
0 23
0 23
1 19
0 41
0 47
1 80
0 4
1 62
0 92
1 13
0 2
0 41
1 73
0 52
0 28
1 75
1 80
0 9
1 41
1 0
1 90
0 46
0 68
1 47
0 81
0 93
1 73
1 61
0 28
1 73
1 61
1 60
0 82
1 56
0 78
0 45
0 63
1 2
0 63
0 0
0 17
1 97
1 19
0 21
1 5
0 70
1 94
0 93
0 57
1 10
0 88
0 84
0 29
1 70
1 64
0 69
0 62
1 8
0 48
0 3
1 40
0 18
0 50
0 76
0 84
0 31
1 47
0 51
1 31
1 36
1 18
0 37
1 10
0 81
1 45
1 1
1 48
0 45
1 60
0 26
0 90
0 30
1 47
0 14
1 72
1 41
1 61
1 19
1 18
1 13
1 14
1 34
1 96
0 96
1 38
0 15
0 89
1 23
1 74
1 13
1 95
1 29
0 92
1 54
0 45
1 2
1 76
1 66
1 79
1 57
1 34
1 32
0 22
0 82
0 70
0 41
1 43
1 91
0 53
0 74
1 35
1 9
0 90
0 86
1 81
0 74
0 35
0 16
0 84
0 94
0 73
0 61
0 62
0 82
0 3
0 8
0 41
1 53
0 68
1 4
1 22
1 50
1 52
1 56
1 81
1 46
0 83
0 61
0 25
1 5
0 18
0 8
0 15
0 48
0 26
0 35
1 23
0 21
1 24
1 22
1 44
0 42
1 46
0 21
1 81
0 62
1 29
0 96
0 73
1 81
